   0.0000000000000000        2.0000000000000000        4.0000000000000000     
  0.20000000000000001        1.9342129978981240        2.6193193436842526     
  0.40000000000000002        1.7825418644462960        1.9763430382833846     
  0.59999999999999998        1.5927926939940140        1.6165110517099215     
  0.79999999999999993        1.3934801803095174        1.3924481449881969     
  0.99999999999999989        1.2008267605187595        1.2428987987167441     
   1.2000000000000000        1.0233387023024085        1.1381603282235191     
   1.4000000000000001       0.86477882626391733        1.0622059155644090     
   1.6000000000000003       0.72608156877249441        1.0056775160166378     
   1.8000000000000005       0.60657310171348122       0.96276810425711468     
   2.0000000000000004       0.50473711619751627       0.92969585151760370     
   2.2000000000000006       0.41868547884564489       0.90389956467948829     
   2.4000000000000008       0.34643877939849343       0.88358808398825905     
   2.6000000000000010       0.28608577033340221       0.86747499325989474     
   2.8000000000000012       0.23586680714430144       0.85461569242959767     
   3.0000000000000013       0.19421058907434291       0.84430363286294063     
   3.2000000000000015       0.15974307241217245       0.83600210434865407     
   3.4000000000000017       0.13128057740885751       0.82929812333411568     
   3.6000000000000019       0.10781463127171854       0.82387047947009051     
   3.8000000000000020        8.8493180855744216E-002  0.81946709910241344     
   4.0000000000000018        7.2600935238153100E-002  0.81588869050140855     
   4.2000000000000011        5.9540405165041034E-002  0.81297671904298618     
   4.4000000000000004        4.8814457818894791E-002  0.81060442788290710     
   4.5999999999999996        4.0010745599881173E-002  0.80867004064010273     
   4.7999999999999989        3.2788093833762876E-002  0.80709155402285604     
   4.9999999999999982        2.6864776974456852E-002  0.80580270688003375     
   5.1999999999999975        2.2008531812081858E-002  0.80474983183956605     
   5.3999999999999968        1.8028120757841465E-002  0.80388937734747867     
   5.5999999999999961        1.4766249993462245E-002  0.80318594456870085     
   5.7999999999999954        1.2093654389433932E-002  0.80261072354488905     
   5.9999999999999947        9.9041762404306691E-003  0.80214024158796904     
   6.1999999999999940        8.1106835117868113E-003  0.80175535764548134     
   6.3999999999999932        6.6416927442124350E-003  0.80144045165542743     
   6.5999999999999925        5.4385804983735995E-003  0.80118276930370258     
   6.7999999999999918        4.4532844415157502E-003  0.80097189119617940     
   6.9999999999999911        3.6464105390591754E-003  0.80079930201732819     
   7.1999999999999904        2.9856762362942156E-003  0.80065804030107157     
   7.3999999999999897        2.4446310715486460E-003  0.80054241336762888     
   7.5999999999999890        2.0016060038216214E-003  0.80044776505712267     
   7.7999999999999883        1.6388510503824246E-003  0.80037028631760798     
   7.9999999999999876        1.3418278063965002E-003  0.80030686063070799     
   8.1999999999999869        1.0986292451146287E-003  0.80025493779357604     
   8.3999999999999861        8.9950404426544046E-004  0.80021243080578575     
   8.5999999999999854        7.3646670424585279E-004  0.80017763159846400     
   8.7999999999999847        6.0297804947711294E-004  0.80014914214028665     
   8.9999999999999840        4.9368345034426771E-004  0.80012581809959737     
   9.1999999999999833        4.0419836692389489E-004  0.80010672276424832     
   9.3999999999999826        3.3093267953576293E-004  0.80009108934477347     
   9.5999999999999819        2.7094680410105841E-004  0.80007829013121901     
   9.7999999999999812        2.2183385003423994E-004  0.80006781125455118     
   9.9999999999999805        1.8162311292024914E-004  0.80005923203219653     
   10.199999999999980        1.4870104332645595E-004  0.80005220806373589     
   10.399999999999979        1.2174652968923281E-004  0.80004645739493963     
   10.599999999999978        9.9677904479162575E-005  0.80004174919259341     
   10.799999999999978        8.1609551193261048E-005  0.80003789447407658     
   10.999999999999977        6.6816373594819027E-005  0.80003473851862039     
   11.199999999999976        5.4704703193904049E-005  0.80003215465500166     
   11.399999999999975        4.4788478702375935E-005  0.80003003917589233     
   11.599999999999975        3.6669742345437885E-005  0.80002830717445383     
   11.799999999999974        3.0022670870945620E-005  0.80002688913587872     
   11.999999999999973        2.4580500762167916E-005  0.80002572814694839     
   12.199999999999973        2.0124823183268650E-005  0.80002477761152424     
   12.399999999999972        1.6476819204672816E-005  0.80002399938022561     
   12.599999999999971        1.3490083666860850E-005  0.80002336221918979     
   12.799999999999971        1.1044749759312249E-005  0.80002284055643247     
   12.999999999999970        9.0426785671304902E-006  0.80002241345547731     
   13.199999999999969        7.4035205610382375E-006  0.80002206377505003     
   13.399999999999968        6.0614909886910063E-006  0.80002177748110437     
   13.599999999999968        4.9627297686530966E-006  0.80002154308356321     
   13.799999999999967        4.0631399411800462E-006  0.80002135117516593     
   13.999999999999966        3.3266179325343930E-006  0.80002119405391170     
   14.199999999999966        2.7236046120127092E-006  0.80002106541394391     
   14.399999999999965        2.2298989937896842E-006  0.80002096009246981     
   14.599999999999964        1.8256869754643486E-006  0.80002087386255571     
   14.799999999999963        1.4947461346478135E-006  0.80002080326348379     
   14.999999999999963        1.2237946702741638E-006  0.80002074546185953     
   15.199999999999962        1.0019583600247874E-006  0.80002069813789689     
   15.399999999999961        8.2033414143940986E-007  0.80002065939231659     
   15.599999999999961        6.7163280198875028E-007  0.80002062767012050     
   15.799999999999960        5.4988643820612500E-007  0.80002060169818445     
   15.999999999999959        4.5020894331938699E-007  0.80002058043416269     
   16.199999999999960        3.6859991100046449E-007  0.80002056302465474     
   16.399999999999963        3.0178408526147890E-007  0.80002054877095563     
   16.599999999999966        2.4707991309830412E-007  0.80002053710101417     
   16.799999999999969        2.0229192446459867E-007  0.80002052754647435     
   16.999999999999972        1.6562262042488411E-007  0.80002051972387889     
   17.199999999999974        1.3560033326100123E-007  0.80002051331927948     
   17.399999999999977        1.1102016331284767E-007  0.80002050807563707     
   17.599999999999980        9.0895622146882740E-008  0.80002050378250578     
   17.799999999999983        7.4419041326613988E-008  0.80002050026758720     
   17.999999999999986        6.0929157852461359E-008  0.80002049738981529     
   18.199999999999989        4.9884575362527832E-008  0.80002049503369499     
   18.399999999999991        4.0842036000180750E-008  0.80002049310466683     
   18.599999999999994        3.3438630922935484E-008  0.80002049152531218     
   18.799999999999997        2.7377235498394689E-008  0.80002049023224597     
   19.000000000000000        2.2414584650847542E-008  0.80002048917357282     
   19.200000000000003        1.8351509780540107E-008  0.80002048830680461     
   19.400000000000006        1.5024945429055734E-008  0.80002048759715483     
   19.600000000000009        1.2301384890320745E-008  0.80002048701614270     
   19.800000000000011        1.0071522117993121E-008  0.80002048654045022     
   20.000000000000014        8.2458648902091261E-009  0.80002048615098620     
   20.200000000000017        6.7511431726160209E-009  0.80002048583212004     
   20.400000000000020        5.5273685347084932E-009  0.80002048557105443     
   20.600000000000023        4.5254266035348185E-009  0.80002048535731207     
   20.800000000000026        3.7051059314955960E-009  0.80002048518231461     
   21.000000000000028        3.0334841697847874E-009  0.80002048503903878     
   21.200000000000031        2.4836067789507967E-009  0.80002048492173450     
   21.400000000000034        2.0334052485957844E-009  0.80002048482569388     
   21.600000000000037        1.6648114105731911E-009  0.80002048474706244     
   21.800000000000040        1.3630322999634575E-009  0.80002048468268450     
   22.000000000000043        1.1159564614535899E-009  0.80002048462997621     
   22.200000000000045        9.1366787411153043E-010  0.80002048458682240     
   22.400000000000048        7.4804798665017428E-010  0.80002048455149100     
   22.600000000000051        6.1244989145907837E-010  0.80002048452256413     
   22.800000000000054        5.0143156086386723E-010  0.80002048449888075     
   23.000000000000057        4.1053743944786643E-010  0.80002048447949048     
   23.200000000000060        3.3611962696902524E-010  0.80002048446361507     
   23.400000000000063        2.7519147531476354E-010  0.80002048445061735     
   23.600000000000065        2.2530772382652045E-010  0.80002048443997575     
   23.800000000000068        1.8446636240372707E-010  0.80002048443126317     
   24.000000000000071        1.5102828380899889E-010  0.80002048442412987     
   24.200000000000074        1.2365150053944549E-010  0.80002048441828966     
   24.400000000000077        1.0123728615617002E-010  0.80002048441350804     
   24.600000000000080        8.2886079534404806E-011  0.80002048440959317     
   24.800000000000082        6.7861382317013811E-011  0.80002048440638796     
   25.000000000000085        5.5560200649408060E-011  0.80002048440376372     
   25.200000000000088        4.5488844918911602E-011  0.80002048440161522     
   25.400000000000091        3.7243116257146866E-011  0.80002048439985618     
   25.600000000000094        3.0492084620210708E-011  0.80002048439841600     
   25.800000000000097        2.4964807404040095E-011  0.80002048439723683     
   26.000000000000099        2.0439455566368202E-011  0.80002048439627149     
   26.200000000000102        1.6734410848364407E-011  0.80002048439548112     
   26.400000000000105        1.3700976796202976E-011  0.80002048439483398     
   26.600000000000108        1.1217411050262721E-011  0.80002048439430418     
   26.800000000000111        9.1840393967692181E-012  0.80002048439387041     
   27.000000000000114        7.5192554916162840E-012  0.80002048439351525     
   27.200000000000117        6.1562457112377984E-012  0.80002048439322448     
   27.400000000000119        5.0403076872955182E-012  0.80002048439298645     
   27.600000000000122        4.1266549085646676E-012  0.80002048439279150     
   27.800000000000125        3.3786192809824121E-012  0.80002048439263196     
   28.000000000000128        2.7661795082827270E-012  0.80002048439250129     
   28.200000000000131        2.2647562319653365E-012  0.80002048439239437     
   28.400000000000134        1.8542255753351238E-012  0.80002048439230677     
   28.600000000000136        1.5181115016706406E-012  0.80002048439223505     
   28.800000000000139        1.2429245730191895E-012  0.80002048439217632     
   29.000000000000142        1.0176205716871564E-012  0.80002048439212825     
   29.200000000000145        8.3315725700508916E-013  0.80002048439208895     
   29.400000000000148        6.8213146846017355E-013  0.80002048439205675     
   29.600000000000151        5.5848201087059466E-013  0.80002048439203033     
   29.800000000000153        4.5724639734059215E-013  0.80002048439200868     
   30.000000000000156        3.7436168723686003E-013  0.80002048439199103     
   30.200000000000159        3.0650142611498011E-013  0.80002048439197659     
   30.400000000000162        2.5094214342259416E-013  0.80002048439196471     
   30.600000000000165        2.0545405006338404E-013  0.80002048439195506     
   30.800000000000168        1.6821154913131612E-013  0.80002048439194706     
   31.000000000000171        1.3771996829669654E-013  0.80002048439194051     
   31.200000000000173        1.1275557335743019E-013  0.80002048439193518     
   31.400000000000176        9.2316455488668425E-014  0.80002048439193085     
   31.600000000000179        7.5582321123727440E-014  0.80002048439192730     
   31.800000000000182        6.1881570693011155E-014  0.80002048439192441     
   32.000000000000185        5.0664344975137322E-014  0.80002048439192197     
   32.200000000000188        4.1480457315696773E-014  0.80002048439191997     
   32.400000000000190        3.3961326056099435E-014  0.80002048439191842     
   32.600000000000193        2.7805182057437120E-014  0.80002048439191709     
   32.800000000000196        2.2764957645355835E-014  0.80002048439191598     
   33.000000000000199        1.8638370916770498E-014  0.80002048439191509     
   33.200000000000202        1.5259807456834228E-014  0.80002048439191442     
   33.400000000000205        1.2493673650958859E-014  0.80002048439191387     
   33.600000000000207        1.0228954836960060E-014  0.80002048439191342     
   33.800000000000210        8.3747598968649528E-015  0.80002048439191298     
   34.000000000000213        6.8566734772075070E-015  0.80002048439191265     
   34.200000000000216        5.6137694396039120E-015  0.80002048439191242     
   34.400000000000219        4.5961656808930583E-015  0.80002048439191220     
   34.600000000000222        3.7630221891887384E-015  0.80002048439191198     
   34.800000000000225        3.0809019908036430E-015  0.80002048439191187     
   35.000000000000227        2.5224292070901134E-015  0.80002048439191176     
   35.200000000000230        2.0651903643067797E-015  0.80002048439191165     
   35.400000000000233        1.6908348622182767E-015  0.80002048439191153     
   35.600000000000236        1.3843385000744714E-015  0.80002048439191142     
   35.800000000000239        1.1334005026808126E-015  0.80002048439191142     
   36.000000000000242        9.2794984709882227E-016  0.80002048439191142     
   36.200000000000244        7.5974107713381471E-016  0.80002048439191142     
   36.400000000000247        6.2202338422604342E-016  0.80002048439191142     
   36.600000000000250        5.0926967379950196E-016  0.80002048439191142     
   36.800000000000253        4.1695474354964327E-016  0.80002048439191142     
   37.000000000000256        3.4137367118583528E-016  0.80002048439191142     
   37.200000000000259        2.7949312289097348E-016  0.80002048439191142     
   37.400000000000261        2.2882961498464303E-016  0.80002048439191142     
   37.600000000000264        1.8734984300292090E-016  0.80002048439191142     
   37.800000000000267        1.5338907805082265E-016  0.80002048439191142     
   38.000000000000270        1.2558435538648701E-016  0.80002048439191142     
   38.200000000000273        1.0281977386039113E-016  0.80002048439191142     
   38.400000000000276        8.4181710884025591E-017  0.80002048439191142     
   38.600000000000279        6.8922155547471022E-017  0.80002048439191142     
   38.800000000000281        5.6428688315138591E-017  0.80002048439191142     
   39.000000000000284        4.6199902479456000E-017  0.80002048439191142     
   39.200000000000287        3.7825280949134227E-017  0.80002048439191142     
   39.400000000000290        3.0968720756870818E-017  0.80002048439191142     
   39.600000000000293        2.5355044067134502E-017  0.80002048439191142     
   39.800000000000296        2.0758954323410387E-017  0.80002048439191142     
   40.000000000000298        1.6995994306317165E-017  0.80002048439191142     
   40.200000000000301        1.3915143217720103E-017  0.80002048439191142     
   40.400000000000304        1.1392755685831920E-017  0.80002048439191142     
   40.600000000000307        9.3275994422946004E-018  0.80002048439191142     
   40.800000000000310        7.6367925157995996E-018  0.80002048439191142     
   41.000000000000313        6.2524768875608843E-018  0.80002048439191142     
   41.200000000000315        5.1190951107553840E-018  0.80002048439191142     
   41.400000000000318        4.1911605951065588E-018  0.80002048439191142     
   41.600000000000321        3.4314320703023458E-018  0.80002048439191142     
   41.800000000000324        2.8094189630545699E-018  0.80002048439191142     
   42.000000000000327        2.3001577033332242E-018  0.80002048439191142     
   42.200000000000330        1.8832098486481266E-018  0.80002048439191142     
   42.400000000000333        1.5418418175875487E-018  0.80002048439191142     
   42.600000000000335        1.2623533124405746E-018  0.80002048439191142     
   42.800000000000338        1.0335274781449535E-018  0.80002048439191142     
   43.000000000000341        8.4618073050840291E-019  0.80002048439191142     
   43.200000000000344        6.9279418672921956E-019  0.80002048439191142     
   43.400000000000347        5.6721190622886029E-019  0.80002048439191142     
   43.600000000000350        4.6439383114155110E-019  0.80002048439191142     
   43.800000000000352        3.8021351109529022E-019  0.80002048439191142     
   44.000000000000355        3.1129249426946968E-019  0.80002048439191142     
   44.200000000000358        2.5486473826076554E-019  0.80002048439191142     
   44.400000000000361        2.0866559908925870E-019  0.80002048439191142     
   44.600000000000364        1.7084094308381653E-019  0.80002048439191142     
   44.800000000000367        1.3987273398756536E-019  0.80002048439191142     
   45.000000000000369        1.1451810883271530E-019  0.80002048439191142     
   45.200000000000372        9.3759497485675013E-020  0.80002048439191142     
   45.400000000000375        7.6763783984659631E-020  0.80002048439191142     
   45.600000000000378        6.2848870670875724E-020  0.80002048439191142     
   45.800000000000381        5.1456303214466622E-020  0.80002048439191142     
   46.000000000000384        4.2128857881389113E-020  0.80002048439191142     
   46.200000000000387        3.4492191539544879E-020  0.80002048439191142     
   46.400000000000389        2.8239817954481495E-020  0.80002048439191142     
   46.600000000000392        2.3120807420657681E-020  0.80002048439191142     
   46.800000000000395        1.8929716071286002E-020  0.80002048439191142     
   47.000000000000398        1.5498340694596320E-020  0.80002048439191142     
   47.200000000000401        1.2688968148345942E-020  0.80002048439191142     
   47.400000000000404        1.0388848447877768E-020  0.80002048439191142     
   47.600000000000406        8.5056697133439631E-021  0.80002048439191142     
   47.800000000000409        6.9638533698386656E-021  0.80002048439191142     
   48.000000000000412        5.7015209138126358E-021  0.80002048439191142     
   48.200000000000415        4.6680105114556698E-021  0.80002048439191142     
   48.400000000000418        3.8218437614200250E-021  0.80002048439191142     
   48.600000000000421        3.1290610209337950E-021  0.80002048439191142     
   48.800000000000423        2.5618584860960776E-021  0.80002048439191142     
   49.000000000000426        2.0974723276006542E-021  0.80002048439191142     
   49.200000000000429        1.7172650983367062E-021  0.80002048439191142     
   49.400000000000432        1.4059777471957420E-021  0.80002048439191142     
   49.600000000000435        1.1511172197724509E-021  0.80002048439191142     
   49.800000000000438        9.4245506822532884E-022  0.80002048439191142     
   50.000000000000441        7.7161694775028200E-022  0.80002048439191142     
   50.200000000000443        6.3174652471932035E-022  0.80002048439191142     
   50.400000000000446        5.1723030793784551E-022  0.80002048439191142     
   50.600000000000449        4.2347235953270752E-022  0.80002048439191142     
   50.800000000000452        3.4670984382792256E-022  0.80002048439191142     
   51.000000000000455        2.8386201153678372E-022  0.80002048439191142     
   51.200000000000458        2.3240655847574105E-022  0.80002048439191142     
   51.400000000000460        1.9027839664110494E-022  0.80002048439191142     
   51.600000000000463        1.5578677497644233E-022  0.80002048439191142     
   51.800000000000466        1.2754742359605237E-022  0.80002048439191142     
   52.000000000000469        1.0442699817395202E-022  0.80002048439191142     
   52.200000000000472        8.5497594856632531E-023  0.80002048439191142     
   52.400000000000475        6.9999510223326749E-023  0.80002048439191142     
   52.600000000000477        5.7310751720234038E-023  0.80002048439191142     
   52.800000000000480        4.6922074915372325E-023  0.80002048439191142     
   53.000000000000483        3.8416545731444154E-023  0.80002048439191142     
   53.200000000000486        3.1452807417359911E-023  0.80002048439191142     
   53.400000000000489        2.5751380703231739E-023  0.80002048439191142     
   53.600000000000492        2.1083447315954672E-023  0.80002048439191142     
   53.800000000000495        1.7261666698471475E-023  0.80002048439191142     
   54.000000000000497        1.4132657375420633E-023  0.80002048439191142     
   54.200000000000500        1.1570841215971197E-023  0.80002048439191142     
   54.400000000000503        9.4734035424978216E-024  0.80002048439191142     
   54.600000000000506        7.7561668165608401E-024  0.80002048439191142     
   54.800000000000509        6.3502122987212919E-024  0.80002048439191142     
   55.000000000000512        5.1991140975371307E-024  0.80002048439191142     
   55.200000000000514        4.2566746004149151E-024  0.80002048439191142     
   55.400000000000517        3.4850704012056112E-024  0.80002048439191142     
   55.600000000000520        2.8533343141088464E-024  0.80002048439191142     
   55.800000000000523        2.3361125517735761E-024  0.80002048439191142     
   56.000000000000526        1.9126471887885005E-024  0.80002048439191142     
   56.200000000000529        1.5659430732492895E-024  0.80002048439191142     
   56.400000000000531        1.2820857516386365E-024  0.80002048439191142     
   56.600000000000534        1.0496830329496483E-024  0.80002048439191142     
   56.800000000000537        8.5940778006004305E-025  0.80002048439191142     
   57.000000000000540        7.0362357896963360E-025  0.80002048439191142     
   57.200000000000543        5.7607826269323129E-025  0.80002048439191142     
   57.400000000000546        4.7165298984668339E-025  0.80002048439191142     
   57.600000000000549        3.8615680756865572E-025  0.80002048439191142     
   57.800000000000551        3.1615845386687392E-025  0.80002048439191142     
   58.000000000000554        2.5884864902639533E-025  0.80002048439191142     
   58.200000000000557        2.1192734935059826E-025  0.80002048439191142     
   58.400000000000560        1.7351143833163538E-025  0.80002048439191142     
   58.600000000000563        1.4205915057290322E-025  0.80002048439191142     
   58.800000000000566        1.1630819533017114E-025  0.80002048439191142     
   59.000000000000568        9.5225096351811765E-026  0.80002048439191142     
   59.200000000000571        7.7963714848042016E-026  0.80002048439191142     
   59.400000000000574        6.3831290970294288E-026  0.80002048439191142     
   59.600000000000577        5.2260640926048678E-026  0.80002048439191142     
   59.800000000000580        4.2787393901721712E-026  0.80002048439191142     
   60.000000000000583        3.5031355231400770E-026  0.80002048439191142     
   60.200000000000585        2.8681247849946967E-026  0.80002048439191142     
   60.400000000000588        2.3482219651403263E-026  0.80002048439191142     
   60.600000000000591        1.9225615379135924E-026  0.80002048439191142     
   60.800000000000594        1.5740602557747541E-026  0.80002048439191142     
   61.000000000000597        1.2887315386005815E-026  0.80002048439191142     
   61.200000000000600        1.0551241431137974E-026  0.80002048439191142     
   61.400000000000603        8.6386258428231719E-027  0.80002048439191142     
   61.600000000000605        7.0727086418535113E-027  0.80002048439191142     
   61.800000000000608        5.7906440726458593E-027  0.80002048439191142     
   62.000000000000611        4.7409783824038825E-027  0.80002048439191142     
   62.200000000000614        3.8815848013519515E-027  0.80002048439191142     
   62.400000000000617        3.1779728475469230E-027  0.80002048439191142     
   62.600000000000620        2.6019041027334635E-027  0.80002048439191142     
   62.800000000000622        2.1302589054676530E-027  0.80002048439191142     
   63.000000000000625        1.7441084779246039E-027  0.80002048439191142     
   63.200000000000628        1.4279552475808997E-027  0.80002048439191142     
   63.400000000000631        1.1691108752135627E-027  0.80002048439191142     
   63.600000000000634        9.5718702729525597E-028  0.80002048439191142     
   63.800000000000637        7.8367845569391748E-028  0.80002048439191142     
   64.000000000000639        6.4162165220126904E-028  0.80002048439191142     
   64.200000000000628        5.2531537849788312E-028  0.80002048439191142     
   64.400000000000617        4.3009185544101724E-028  0.80002048439191142     
   64.600000000000605        3.5212942869793153E-028  0.80002048439191142     
   64.800000000000594        2.8829919233877826E-028  0.80002048439191142     
   65.000000000000583        2.3603941485530317E-028  0.80002048439191142     
   65.200000000000571        1.9325272788056982E-028  0.80002048439191142     
   65.400000000000560        1.5822195143203442E-028  0.80002048439191142     
   65.600000000000549        1.2954117744941848E-028  0.80002048439191142     
   65.800000000000537        1.0605934576777179E-028  0.80002048439191142     
   66.000000000000526        8.6834048031406668E-029  0.80002048439191142     
   66.200000000000514        7.1093705537563917E-029  0.80002048439191142     
   66.400000000000503        5.8206603073874576E-029  0.80002048439191142     
   66.600000000000492        4.7655535968784989E-029  0.80002048439191142     
   66.800000000000480        3.9017052852058594E-029  0.80002048439191142     
   67.000000000000469        3.1944461064449691E-029  0.80002048439191142     
   67.200000000000458        2.6153912663967445E-029  0.80002048439191142     
   67.400000000000446        2.1413012611306063E-029  0.80002048439191142     
   67.600000000000435        1.7531491940923127E-029  0.80002048439191142     
   67.800000000000423        1.4353571599372722E-029  0.80002048439191142     
   68.000000000000412        1.1751710484913291E-029  0.80002048439191142     
   68.200000000000401        9.6214867752675815E-030  0.80002048439191142     
   68.400000000000389        7.8774071132447588E-030  0.80002048439191142     
   68.600000000000378        6.4494754581288046E-030  0.80002048439191142     
   68.800000000000367        5.2803838987918173E-030  0.80002048439191142     
   69.000000000000355        4.3232126859987231E-030  0.80002048439191142     
   69.200000000000344        3.5395471781240594E-030  0.80002048439191142     
   69.400000000000333        2.8979361267005894E-030  0.80002048439191142     
   69.600000000000321        2.3726294273854904E-030  0.80002048439191142     
   69.800000000000310        1.9425446778583254E-030  0.80002048439191142     
   70.000000000000298        1.5904210669905904E-030  0.80002048439191142     
   70.200000000000287        1.3021266378883082E-030  0.80002048439191142     
   70.400000000000276        1.0660911228412072E-030  0.80002048439191142     
   70.600000000000264        8.7284158785354274E-031  0.80002048439191142     
   70.800000000000253        7.1462225054112059E-031  0.80002048439191142     
   71.000000000000242        5.8508321335182056E-031  0.80002048439191142     
   71.200000000000230        4.7902561988082699E-031  0.80002048439191142     
   71.400000000000219        3.9219300650868103E-031  0.80002048439191142     
   71.600000000000207        3.2110047557077391E-031  0.80002048439191142     
   71.800000000000196        2.6289483417776083E-031  0.80002048439191142     
   72.000000000000185        2.1524008556667174E-031  0.80002048439191142     
   72.200000000000173        1.7622367734857241E-031  0.80002048439191142     
   72.400000000000162        1.4427974406576962E-031  0.80002048439191142     
   72.600000000000151        1.1812626351286738E-031  0.80002048439191142     
   72.800000000000139        9.6713604684179146E-032  0.80002048439191142     
   73.000000000000128        7.9182402395965125E-032  0.80002048439191142     
   73.200000000000117        6.4829067944173060E-032  0.80002048439191142     
   73.400000000000105        5.3077551619277062E-032  0.80002048439191142     
   73.600000000000094        4.3456223808786661E-032  0.80002048439191142     
   73.800000000000082        3.5578946844893634E-032  0.80002048439191142     
   74.000000000000071        2.9129577944041581E-032  0.80002048439191142     
   74.200000000000060        2.3849281286969207E-032  0.80002048439191142     
   74.400000000000048        1.9526140028449142E-032  0.80002048439191142     
   74.600000000000037        1.5986651330198475E-032  0.80002048439191142     
   74.800000000000026        1.3088763082768665E-032  0.80002048439191142     
   75.000000000000014        1.0716172855614599E-032  0.80002048439191142     
   75.200000000000003        8.7736602721912683E-033  0.80002048439191142     
   75.399999999999991        7.1832654819016097E-033  0.80002048439191142     
   75.599999999999980        5.8811603575564438E-033  0.80002048439191142     
   75.799999999999969        4.8150868485146149E-033  0.80002048439191142     
   75.999999999999957        3.9422596816203017E-033  0.80002048439191142     
   76.199999999999946        3.2276492379619917E-033  0.80002048439191142     
   76.399999999999935        2.6425756912682257E-033  0.80002048439191142     
   76.599999999999923        2.1635579857776275E-033  0.80002048439191142     
   76.799999999999912        1.7713714590236186E-033  0.80002048439191142     
   76.999999999999901        1.4502762886272673E-033  0.80002048439191142     
   77.199999999999889        1.1873857979589566E-033  0.80002048439191142     
   77.399999999999878        9.7214926855704796E-034  0.80002048439191142     
   77.599999999999866        7.9592850274993016E-034  0.80002048439191142     
   77.799999999999855        6.5165114245268828E-034  0.80002048439191142     
   77.999999999999844        5.3352683060442274E-034  0.80002048439191142     
   78.199999999999832        4.3681482380807287E-034  0.80002048439191142     
   78.399999999999821        3.5763372965201352E-034  0.80002048439191142     
   78.599999999999810        2.9280573280408373E-034  0.80002048439191142     
   78.799999999999798        2.3972905812424054E-034  0.80002048439191142     
   78.999999999999787        1.9627355229273698E-034  0.80002048439191142     
   79.199999999999775        1.6069519327792504E-034  0.80002048439191142     
   79.399999999999764        1.3156609660844892E-034  0.80002048439191142     
   79.599999999999753        1.0771720935576713E-034  0.80002048439191142     
   79.799999999999741        8.8191391935306858E-035  0.80002048439191142     
   79.999999999999730        7.2205004734190064E-035  0.80002048439191142     
   80.199999999999719        5.9116457902023347E-035  0.80002048439191142     
   80.399999999999707        4.8400462097426941E-035  0.80002048439191142     
   80.599999999999696        3.9626946782349122E-035  0.80002048439191142     
   80.799999999999685        3.2443799981294172E-035  0.80002048439191142     
   80.999999999999673        2.6562736791396691E-035  0.80002048439191142     
   81.199999999999662        2.1747729497032675E-035  0.80002048439191142     
   81.399999999999650        1.7805534948842004E-035  0.80002048439191142     
   81.599999999999639        1.4577939037621904E-035  0.80002048439191142     
   81.799999999999628        1.1935407006597227E-035  0.80002048439191142     
   81.999999999999616        9.7718847668036810E-036  0.80002048439191142     
   82.199999999999605        8.0005425741165280E-036  0.80002048439191142     
   82.399999999999594        6.5502902467389551E-036  0.80002048439191142     
   82.599999999999582        5.3629240665920057E-036  0.80002048439191142     
   82.799999999999571        4.3907908597409557E-036  0.80002048439191142     
   82.999999999999559        3.5948755072036727E-036  0.80002048439191142     
   83.199999999999548        2.9432351312344886E-036  0.80002048439191142     
   83.399999999999537        2.4097171154812130E-036  0.80002048439191142     
   83.599999999999525        1.9729095086628583E-036  0.80002048439191142     
   83.799999999999514        1.6152816877822715E-036  0.80002048439191142     
   83.999999999999503        1.3224807926710677E-036  0.80002048439191142     
   84.199999999999491        1.0827556953147619E-036  0.80002048439191142     
   84.399999999999480        8.8648538582453901E-037  0.80002048439191142     
   84.599999999999469        7.2579284752875838E-037  0.80002048439191142     
   84.799999999999457        5.9422892463583999E-037  0.80002048439191142     
   84.999999999999446        4.8651349496782611E-037  0.80002048439191142     
   85.199999999999434        3.9832356011761374E-037  0.80002048439191142     
   85.399999999999423        3.2611974834380037E-037  0.80002048439191142     
   85.599999999999412        2.6700426715512464E-037  0.80002048439191142     
   85.799999999999400        2.1860460472295234E-037  0.80002048439191142     
   85.999999999999389        1.7897831265113936E-037  0.80002048439191142     
   86.199999999999378        1.4653504870149548E-037  0.80002048439191142     
   86.399999999999366        1.1997275077569550E-037  0.80002048439191142     
   86.599999999999355        9.8225380591423326E-038  0.80002048439191142     
   86.799999999999343        8.0420139822988322E-038  0.80002048439191142     
   86.999999999999332        6.5842441639912575E-038  0.80002048439191142     
   87.199999999999321        5.3907231828339301E-038  0.80002048439191142     
   87.399999999999309        4.4135508511166091E-038  0.80002048439191142     
   87.599999999999298        3.6135098120827103E-038  0.80002048439191142     
   87.799999999999287        2.9584916097011878E-038  0.80002048439191142     
   87.999999999999275        2.4222080635855717E-038  0.80002048439191142     
   88.199999999999264        1.9831362320109977E-038  0.80002048439191142     
   88.399999999999253        1.6236546206906139E-038  0.80002048439191142     
   88.599999999999241        1.3293359703365863E-038  0.80002048439191142     
   88.799999999999230        1.0883682400873355E-038  0.80002048439191142     
   88.999999999999218        8.9108054883287209E-039  0.80002048439191142     
   89.199999999999207        7.2955504879908702E-039  0.80002048439191142     
   89.399999999999196        5.9730915451512717E-039  0.80002048439191142     
   89.599999999999184        4.8903537389654825E-039  0.80002048439191142     
   89.799999999999173        4.0038829995209796E-039  0.80002048439191142     
   89.999999999999162        3.2781021434339775E-039  0.80002048439191142     
   90.199999999999150        2.6838830365602777E-039  0.80002048439191142     
   90.399999999999139        2.1973775796962419E-039  0.80002048439191142     
   90.599999999999127        1.7990606006213975E-039  0.80002048439191142     
   90.799999999999116        1.4729462403797001E-039  0.80002048439191142     
   90.999999999999105        1.2059463846294676E-039  0.80002048439191142     
   91.199999999999093        9.8734539165936488E-040  0.80002048439191142     
   91.399999999999082        8.0837003606135594E-040  0.80002048439191142     
   91.599999999999071        6.6183740839019684E-040  0.80002048439191142     
   91.799999999999059        5.4186663978649187E-040  0.80002048439191142     
   91.999999999999048        4.4364288206023503E-040  0.80002048439191142     
   92.199999999999037        3.6322407092686666E-040  0.80002048439191142     
   92.399999999999025        2.9738271712600722E-040  0.80002048439191142     
   92.599999999999014        2.4347637594495513E-040  0.80002048439191142     
   92.799999999999002        1.9934159663411318E-040  0.80002048439191142     
   92.999999999998991        1.6320709553201663E-040  0.80002048439191142     
   93.199999999998980        1.3362266823259963E-040  0.80002048439191142     
   93.399999999998968        1.0940098779036685E-040  0.80002048439191142     
   93.599999999998957        8.9569953121083166E-041  0.80002048439191142     
   93.799999999998946        7.3333675171984789E-041  0.80002048439191142     
   93.999999999998934        6.0040535099535892E-041  0.80002048439191142     
   94.199999999998923        4.9157032517248583E-041  0.80002048439191142     
   94.399999999998911        4.0246374251926231E-041  0.80002048439191142     
   94.599999999998900        3.2950944299938236E-041  0.80002048439191142     
   94.799999999998889        2.6977951441319370E-041  0.80002048439191142     
   94.999999999998877        2.2087678500052885E-041  0.80002048439191142     
   95.199999999998866        1.8083861652092852E-041  0.80002048439191142     
   95.399999999998855        1.4805813668976186E-041  0.80002048439191142     
   95.599999999998843        1.2121974975133290E-041  0.80002048439191142     
   95.799999999998832        9.9246337001834416E-042  0.80002048439191142     
   95.999999999998820        8.1256028233743989E-042  0.80002048439191142     
   96.199999999998809        6.6526809187939727E-042  0.80002048439191142     
   96.399999999998798        5.4467544586317719E-042  0.80002048439191142     
   96.599999999998786        4.4594253797464970E-042  0.80002048439191142     
   96.799999999998775        3.6510686994549560E-042  0.80002048439191142     
   96.999999999998764        2.9892422258442376E-042  0.80002048439191142     
   97.199999999998752        2.4473845386979833E-042  0.80002048439191142     
   97.399999999998741        2.0037489864396319E-042  0.80002048439191142     
   97.599999999998730        1.6405309166469812E-042  0.80002048439191142     
   97.799999999998718        1.3431531128341101E-042  0.80002048439191142     
   97.999999999998707        1.0996807595697191E-042  0.80002048439191142     
   98.199999999998695        9.0034245642789345E-043  0.80002048439191142     
   98.399999999998684        7.3713805737929766E-043  0.80002048439191142     
   98.599999999998673        6.0351759684059985E-043  0.80002048439191142     
   98.799999999998661        4.9411841655712378E-043  0.80002048439191142     
   98.999999999998650        4.0454994329751847E-043  0.80002048439191142     
   99.199999999998639        3.3121747973363591E-043  0.80002048439191142     
   99.399999999998627        2.7117793661491400E-043  0.80002048439191142     
   99.599999999998616        2.2202171626286430E-043  0.80002048439191142     
   99.799999999998604        1.8177600695556294E-043  0.80002048439191142     
   99.999999999998593        1.4882560706623821E-043  0.80002048439191142     
   100.19999999999858        1.2184810135063042E-043  0.80002048439191142     
   100.39999999999857        9.9760787779925045E-044  0.80002048439191142     
   100.59999999999856        8.1677224906711692E-044  0.80002048439191142     
   100.79999999999855        6.6871655857192520E-044  0.80002048439191142     
   100.99999999999854        5.4749881159531485E-044  0.80002048439191142     
   101.19999999999852        4.4825411432673733E-044  0.80002048439191142     
   101.39999999999851        3.6699942859303760E-044  0.80002048439191142     
   101.59999999999850        3.0047371855117012E-044  0.80002048439191142     
   101.79999999999849        2.4600707386954386E-044  0.80002048439191142     
   101.99999999999848        2.0141355685172465E-044  0.80002048439191142     
   102.19999999999847        1.6490347308132930E-044  0.80002048439191142     
   102.39999999999846        1.3501154470105301E-044  0.80002048439191142     
   102.59999999999845        1.1053810366731599E-044  0.80002048439191142     
   102.79999999999843        9.0500944859354674E-045  0.80002048439191142     
   102.99999999999842        7.4095906738969210E-045  0.80002048439191142     
   103.19999999999841        6.0664597524392857E-045  0.80002048439191142     
   103.39999999999840        4.9667971616319402E-045  0.80002048439191142     
   103.59999999999839        4.0664695805285477E-045  0.80002048439191142     
   103.79999999999838        3.3293437020348809E-045  0.80002048439191142     
   103.99999999999837        2.7258360764224852E-045  0.80002048439191142     
   104.19999999999835        2.2317258236165381E-045  0.80002048439191142     
   104.39999999999834        1.8271825642331684E-045  0.80002048439191142     
   104.59999999999833        1.4959705568255970E-045  0.80002048439191142     
   104.79999999999832        1.2247971005723228E-045  0.80002048439191142     
   104.99999999999831        1.0027790525193179E-045  0.80002048439191142     
   105.19999999999830        8.2100604883997564E-046  0.80002048439191142     
   105.39999999999829        6.7218290064833929E-046  0.80002048439191142     
   105.59999999999827        5.5033681245396329E-046  0.80002048439191142     
   105.79999999999826        4.5057767290697457E-046  0.80002048439191142     
   105.99999999999825        3.6890179745925601E-046  0.80002048439191142     
   106.19999999999824        3.0203124644564126E-046  0.80002048439191142     
   106.39999999999823        2.4728226985552421E-046  0.80002048439191142     
   106.59999999999822        2.0245759902164837E-046  0.80002048439191142     
   106.79999999999821        1.6575826251335614E-046  0.80002048439191142     
   106.99999999999820        1.3571138709645941E-046  0.80002048439191142     
   107.19999999999818        1.1111108615874299E-046  0.80002048439191142     
   107.39999999999817        9.0970063246061208E-047  0.80002048439191142     
   107.59999999999816        7.4479988389000178E-047  0.80002048439191142     
   107.79999999999815        6.0979056982966154E-047  0.80002048439191142     
   107.99999999999814        4.9925429245649610E-047  0.80002048439191142     
   108.19999999999813        4.0875484284032672E-047  0.80002048439191142     
   108.39999999999812        3.3466016030293664E-047  0.80002048439191142     
   108.59999999999810        2.7399656507002454E-047  0.80002048439191142     
   108.79999999999809        2.2432941406056401E-047  0.80002048439191142     
   108.99999999999808        1.8366539011135008E-047  0.80002048439191142     
   109.19999999999807        1.5037250316022869E-047  0.80002048439191142     
   109.39999999999806        1.2311459275459665E-047  0.80002048439191142     
   109.59999999999805        1.0079770324086111E-047  0.80002048439191142     
   109.79999999999804        8.2526179482922096E-048  0.80002048439191142     
   109.99999999999802        6.7566721076702263E-048  0.80002048439191142     
   110.19999999999801        5.5318952430139018E-048  0.80002048439191142     
   110.39999999999800        4.5291327582613290E-048  0.80002048439191142     
   110.59999999999799        3.7081402739614971E-048  0.80002048439191142     
   110.79999999999798        3.0359684790193252E-048  0.80002048439191142     
   110.99999999999797        2.4856407591485355E-048  0.80002048439191142     
   111.19999999999796        2.0350705306190301E-048  0.80002048439191142     
   111.39999999999795        1.6661748281005457E-048  0.80002048439191142     
   111.59999999999793        1.3641485717703523E-048  0.80002048439191142     
   111.79999999999792        1.1168703874758066E-048  0.80002048439191142     
   111.99999999999791        9.1441613342857489E-049  0.80002048439191142     
   112.19999999999790        7.4866060954864204E-049  0.80002048439191142     
   112.39999999999789        6.1295146465558757E-049  0.80002048439191142     
   112.59999999999788        5.0184221425772691E-049  0.80002048439191142     
   112.79999999999787        4.1087365400555536E-049  0.80002048439191142     
   112.99999999999785        3.3639489616387434E-049  0.80002048439191142     
   113.19999999999784        2.7541684666784149E-049  0.80002048439191142     
   113.39999999999783        2.2549224228272748E-049  0.80002048439191142     
   113.59999999999782        1.8461743333738228E-049  0.80002048439191142     
   113.79999999999781        1.5115197022764082E-049  0.80002048439191142     
   113.99999999999780        1.2375276641369846E-049  0.80002048439191142     
   114.19999999999779        1.0132019564137207E-049  0.80002048439191142     
   114.39999999999777        8.2953960079469953E-050  0.80002048439191142     
   114.59999999999776        6.7916958206666053E-050  0.80002048439191142     
   114.79999999999775        5.5605702339310148E-050  0.80002048439191142     
   114.99999999999774        4.5526098551694015E-050  0.80002048439191142     
   115.19999999999773        3.7273616951931285E-050  0.80002048439191142     
   115.39999999999772        3.0517056476995279E-050  0.80002048439191142     
   115.59999999999771        2.4985252631133932E-050  0.80002048439191142     
   115.79999999999769        2.0456194702532143E-050  0.80002048439191142     
   115.99999999999768        1.6748115693914155E-050  0.80002048439191142     
   116.19999999999767        1.3712197374715658E-050  0.80002048439191142     
   116.39999999999766        1.1226597682955005E-050  0.80002048439191142     
   116.59999999999765        9.1915607754693822E-051  0.80002048439191142     
   116.79999999999764        7.5254134756621712E-051  0.80002048439191142     
   116.99999999999763        6.1612874421521523E-051  0.80002048439191142     
   117.19999999999762        5.0444355074432018E-051  0.80002048439191142     
   117.39999999999760        4.1300344818623309E-051  0.80002048439191142     
   117.59999999999759        3.3813862415732170E-051  0.80002048439191142     
   117.79999999999758        2.7684449040107984E-051  0.80002048439191142     
   117.99999999999757        2.2666109811156881E-051  0.80002048439191142     
   118.19999999999756        1.8557441155036915E-051  0.80002048439191142     
   118.39999999999755        1.5193547772063879E-051  0.80002048439191142     
   118.59999999999754        1.2439424809348295E-051  0.80002048439191142     
   118.79999999999752        1.0184539642014776E-051  0.80002048439191142     
   118.99999999999751        8.3383958108594127E-052  0.80002048439191142     
   119.19999999999750        6.8269010816872933E-052  0.80002048439191142     
   119.39999999999749        5.5893938637987905E-052  0.80002048439191142     
   119.59999999999748        4.5762086473574863E-052  0.80002048439191142     
   119.79999999999747        3.7466827520930103E-052  0.80002048439191142     
   119.99999999999746        3.0675243911654307E-052  0.80002048439191142     
   120.19999999999744        2.5114765548639797E-052  0.80002048439191142     
   120.39999999999743        2.0562230911015048E-052  0.80002048439191142     
   120.59999999999742        1.6834930798738898E-052  0.80002048439191142     
   120.79999999999741        1.3783275570867365E-052  0.80002048439191142     
   120.99999999999740        1.1284791588017716E-052  0.80002048439191142     
   121.19999999999739        9.2392059151859248E-053  0.80002048439191142     
   121.39999999999738        7.5644220167828030E-053  0.80002048439191142     
   121.59999999999737        6.1932249344003210E-053  0.80002048439191142     
   121.79999999999735        5.0705837145229679E-053  0.80002048439191142     
   121.99999999999734        4.1514428231363873E-053  0.80002048439191142     
   122.19999999999733        3.3989139089466759E-053  0.80002048439191142     
   122.39999999999732        2.7827953443191705E-053  0.80002048439191142     
   122.59999999999731        2.2783601279163623E-053  0.80002048439191142     
   122.79999999999730        1.8653635033118316E-053  0.80002048439191142     
   122.99999999999729        1.5272304658306958E-053  0.80002048439191142     
   123.19999999999727        1.2503905494132168E-053  0.80002048439191142     
   123.39999999999726        1.0237331961626861E-053  0.80002048439191142     
   123.59999999999725        8.3816185064521483E-054  0.80002048439191142     
   123.79999999999724        6.8622888317999954E-054  0.80002048439191142     
   123.99999999999723        5.6183669030982986E-054  0.80002048439191142     
   124.19999999999722        4.5999297656421310E-054  0.80002048439191142     
   124.39999999999721        3.7661039611300491E-054  0.80002048439191142     
   124.59999999999719        3.0834251322660109E-054  0.80002048439191142     
   124.79999999999718        2.5244949805997558E-054  0.80002048439191142     
   124.99999999999717        2.0668816766080467E-054  0.80002048439191142     
   125.19999999999716        1.6922195916124070E-054  0.80002048439191142     
   125.39999999999715        1.3854722206141567E-054  0.80002048439191142     
   125.59999999999714        1.1343287145520652E-054  0.80002048439191142     
   125.79999999999713        9.2870980270320205E-055  0.80002048439191142     
   125.99999999999712        7.6036327615810518E-055  0.80002048439191142     
   126.19999999999710        6.2253279770177403E-055  0.80002048439191142     
   126.39999999999709        5.0968674627812222E-055  0.80002048439191142     
   126.59999999999708        4.1729621361415804E-055  0.80002048439191142     
   126.79999999999707        3.4165324322891384E-055  0.80002048439191142     
   126.99999999999706        2.7972201712034672E-055  0.80002048439191142     
   127.19999999999705        2.2901701772943619E-055  0.80002048439191142     
   127.39999999999704        1.8750327539329695E-055  0.80002048439191142     
   127.59999999999702        1.5351469786734398E-055  0.80002048439191142     
   127.79999999999701        1.2568720419347082E-055  0.80002048439191142     
   127.99999999999700        1.0290397934158762E-055  0.80002048439191142     
   128.19999999999700        8.4250652501059890E-056  0.80002048439191142     
   128.39999999999699        6.8978600169504750E-056  0.80002048439191142     
   128.59999999999698        5.6474901263044176E-056  0.80002048439191142     
   128.79999999999697        4.6237738441097286E-056  0.80002048439191142     
   128.99999999999696        3.7856258414502715E-056  0.80002048439191142     
   129.19999999999695        3.0994082960420821E-056  0.80002048439191142     
   129.39999999999694        2.5375808883147050E-056  0.80002048439191142     
   129.59999999999692        2.0775955116862150E-056  0.80002048439191142     
   129.79999999999691        1.7009913378743082E-056  0.80002048439191142     
   129.99999999999690        1.3926539190369713E-056  0.80002048439191142     
   130.19999999999689        1.1402085919101548E-056  0.80002048439191142     
   130.39999999999688        9.3352383912059662E-057  0.80002048439191142     
   130.59999999999687        7.6430467581946335E-057  0.80002048439191142     
   130.79999999999686        6.2575974281469900E-057  0.80002048439191142     
   130.99999999999685        5.1232874548056851E-057  0.80002048439191142     
   131.19999999999683        4.1945929961080828E-057  0.80002048439191142     
   131.39999999999682        3.4342422825592377E-057  0.80002048439191142     
   131.59999999999681        2.8117197702520038E-057  0.80002048439191142     
   131.79999999999680        2.3020414449426994E-057  0.80002048439191142     
   131.99999999999679        1.8847521258346832E-057  0.80002048439191142     
   132.19999999999678        1.5431045273499748E-057  0.80002048439191142     
   132.39999999999677        1.2633871317553024E-057  0.80002048439191142     
   132.59999999999675        1.0343738978110619E-057  0.80002048439191142     
   132.79999999999674        8.4687372031906776E-058  0.80002048439191142     
   132.99999999999673        6.9336155879879042E-058  0.80002048439191142     
   133.19999999999672        5.6767643119066349E-058  0.80002048439191142     
   133.39999999999671        4.6477415201335832E-058  0.80002048439191142     
   133.59999999999670        3.8052489148908159E-058  0.80002048439191142     
   133.79999999999669        3.1154743097377664E-058  0.80002048439191142     
   133.99999999999667        2.5507346278067361E-058  0.80002048439191142     
   134.19999999999666        2.0883648827263185E-058  0.80002048439191142     
   134.39999999999665        1.7098085531361495E-058  0.80002048439191142     
   134.59999999999664        1.3998728443283502E-058  0.80002048439191142     
   134.79999999999663        1.1461189480503796E-058  0.80002048439191142     
   134.99999999999662        9.3836282945424239E-059  0.80002048439191142     
   135.19999999999661        7.6826650601946653E-059  0.80002048439191142     
   135.39999999999660        6.2900341503791484E-059  0.80002048439191142     
   135.59999999999658        5.1498443968262022E-059  0.80002048439191142     
   135.79999999999657        4.2163359812479900E-059  0.80002048439191142     
   135.99999999999656        3.4520439331569976E-059  0.80002048439191142     
   136.19999999999655        2.8262945290519393E-059  0.80002048439191142     
   136.39999999999654        2.3139742481909004E-059  0.80002048439191142     
   136.59999999999653        1.8945218788244144E-059  0.80002048439191142     
   136.79999999999652        1.5511033245726435E-059  0.80002048439191142     
   136.99999999999650        1.2699359930291362E-059  0.80002048439191142     
   137.19999999999649        1.0397356519335912E-059  0.80002048439191142     
   137.39999999999648        8.5126355330962527E-060  0.80002048439191142     
   137.59999999999647        6.9695565006903617E-060  0.80002048439191142     
   137.79999999999646        5.7061902424298282E-060  0.80002048439191142     
   137.99999999999645        4.6718334343908585E-060  0.80002048439191142     
   138.19999999999644        3.8249737059937653E-060  0.80002048439191142     
   138.39999999999642        3.1316236028117904E-060  0.80002048439191142     
   138.59999999999641        2.5639565506869093E-060  0.80002048439191142     
   138.79999999999640        2.0991900776031419E-060  0.80002048439191142     
   138.99999999999639        1.7186714730898672E-060  0.80002048439191142     
   139.19999999999638        1.4071291894565274E-060  0.80002048439191142     
   139.39999999999637        1.1520599409617660E-060  0.80002048439191142     
   139.59999999999636        9.4322690305461269E-061  0.80002048439191142     
   139.79999999999634        7.7224887266132445E-061  0.80002048439191142     
   139.99999999999633        6.3226390107763580E-061  0.80002048439191142     
   140.19999999999632        5.1765389987332128E-061  0.80002048439191142     
   140.39999999999631        4.2381916727704339E-061  0.80002048439191142     
   140.59999999999630        3.4699378599362085E-061  0.80002048439191142     
   140.79999999999629        2.8409448371994050E-061  0.80002048439191142     
   140.99999999999628        2.3259689060133000E-061  0.80002048439191142     
   141.19999999999627        1.9043422740562604E-061  0.80002048439191142     
   141.39999999999625        1.5591435841563364E-061  0.80002048439191142     
   141.59999999999624        1.2765188008130356E-061  0.80002048439191142     
   141.79999999999623        1.0451251991078709E-061  0.80002048439191142     
   141.99999999999622        8.5567614132637260E-062  0.80002048439191142     
   142.19999999999621        7.0056837157901054E-062  0.80002048439191142     
   142.39999999999620        5.7357687044550521E-062  0.80002048439191142     
   142.59999999999619        4.6960502308796582E-062  0.80002048439191142     
   142.79999999999617        3.8448007420201769E-062  0.80002048439191142     
   142.99999999999616        3.1478566069489989E-062  0.80002048439191142     
   143.19999999999615        2.5772470103888837E-062  0.80002048439191142     
   143.39999999999614        2.1100713856836920E-062  0.80002048439191142     
   143.59999999999613        1.7275803346491295E-062  0.80002048439191142     
   143.79999999999612        1.4144231483900099E-062  0.80002048439191142     
   143.99999999999611        1.1580317294522961E-062  0.80002048439191142     
   144.19999999999609        9.4811618994268694E-063  0.80002048439191142     
   144.39999999999608        7.7625188219721173E-063  0.80002048439191142     
   144.59999999999607        6.3554128808953118E-063  0.80002048439191142     
   144.79999999999606        5.2033719740969842E-063  0.80002048439191142     
   144.99999999999605        4.2601606548973372E-063  0.80002048439191142     
   145.19999999999604        3.4879245412173248E-063  0.80002048439191142     
   145.39999999999603        2.8556710863100674E-063  0.80002048439191142     
   145.59999999999602        2.3380257390376867E-063  0.80002048439191142     
   145.79999999999600        1.9142135740380523E-063  0.80002048439191142     
   145.99999999999599        1.5672255210242877E-063  0.80002048439191142     
   146.19999999999598        1.2831357310712621E-063  0.80002048439191142     
   146.39999999999597        1.0505426834012531E-063  0.80002048439191142     
   146.59999999999596        8.6011160232168157E-064  0.80002048439191142     
   146.79999999999595        7.0419981989994795E-064  0.80002048439191142     
   146.99999999999594        5.7655004886407013E-064  0.80002048439191142     
   147.19999999999592        4.7203925569363273E-064  0.80002048439191142     
   147.39999999999591        3.8647305529642239E-064  0.80002048439191142     
   147.59999999999590        3.1641737560719202E-064  0.80002048439191142     
   147.79999999999589        2.5906063621783792E-064  0.80002048439191142     
   147.99999999999588        2.1210090978349393E-064  0.80002048439191142     
   148.19999999999587        1.7365353759556705E-064  0.80002048439191142     
   148.39999999999586        1.4217549161027587E-064  0.80002048439191142     
   148.59999999999584        1.1640344731531479E-064  0.80002048439191142     
   148.79999999999583        9.5303082081341937E-065  0.80002048439191142     
   148.99999999999582        7.8027564163110689E-065  0.80002048439191142     
   149.19999999999581        6.3883566368104892E-065  0.80002048439191142     
   149.39999999999580        5.2303440401866341E-065  0.80002048439191142     
   149.59999999999579        4.2822435148789862E-065  0.80002048439191142     
   149.79999999999578        3.5060044578002161E-065  0.80002048439191142     
   149.99999999999577        2.8704736700295647E-065  0.80002048439191142     
   150.19999999999575        2.3501450695538508E-065  0.80002048439191142     
   150.39999999999574        1.9241360426383521E-065  0.80002048439191142     
   150.59999999999573        1.5753493512138036E-065  0.80002048439191142     
   150.79999999999572        1.2897869606802022E-065  0.80002048439191142     
   150.99999999999571        1.0559882496278755E-065  0.80002048439191142     
   151.19999999999570        8.6457005485934023E-066  0.80002048439191142     
   151.39999999999569        7.0785009210366779E-066  0.80002048439191142     
   151.59999999999567        5.7953863897436129E-066  0.80002048439191142     
   151.79999999999566        4.7448610632527287E-066  0.80002048439191142     
   151.99999999999565        3.8847636715673446E-066  0.80002048439191142     
   152.19999999999564        3.1805754863523539E-066  0.80002048439191142     
   152.39999999999563        2.6040349631626606E-066  0.80002048439191142     
   152.59999999999562        2.1320035064315843E-066  0.80002048439191142     
   152.79999999999561        1.7455368363856488E-066  0.80002048439191142     
   152.99999999999559        1.4291246885793964E-066  0.80002048439191142     
   153.19999999999558        1.1700683325229588E-066  0.80002048439191142     
   153.39999999999557        9.5797092703923150E-067  0.80002048439191142     
   153.59999999999556        7.8432025852165136E-067  0.80002048439191142     
   153.79999999999555        6.4214711591375629E-067  0.80002048439191142     
   153.99999999999554        5.2574559179892978E-067  0.80002048439191142     
   154.19999999999553        4.3044408430097190E-067  0.80002048439191142     
   154.39999999999552        3.5241780929770106E-067  0.80002048439191142     
   154.59999999999550        2.8853529840440268E-067  0.80002048439191142     
   154.79999999999549        2.3623272215221950E-067  0.80002048439191142     
   154.99999999999548        1.9341099450935052E-067  0.80002048439191142     
   155.19999999999547        1.5835152918820375E-067  0.80002048439191142     
   155.39999999999546        1.2964726674330956E-067  0.80002048439191142     
   155.59999999999545        1.0614620433525304E-067  0.80002048439191142     
   155.79999999999544        8.6905161811772043E-068  0.80002048439191142     
   155.99999999999542        7.1151928576516804E-068  0.80002048439191142     
   156.19999999999541        5.8254272066403047E-068  0.80002048439191142     
   156.39999999999540        4.7694564038936355E-068  0.80002048439191142     
   156.59999999999539        3.9049006333324841E-068  0.80002048439191142     
   156.79999999999538        3.1970622362230295E-068  0.80002048439191142     
   156.99999999999537        2.6175331723000872E-068  0.80002048439191142     
   157.19999999999536        2.1430549053638733E-068  0.80002048439191142     
   157.39999999999534        1.7545849565560472E-068  0.80002048439191142     
   157.59999999999533        1.4365326628204469E-068  0.80002048439191142     
   157.79999999999532        1.1761334688521165E-068  0.80002048439191142     
   157.99999999999531        9.6293664067352349E-069  0.80002048439191142     
   158.19999999999530        7.8838584098502484E-069  0.80002048439191142     
   158.39999999999529        6.4547573330569477E-069  0.80002048439191142     
   158.59999999999528        5.2847083322294007E-069  0.80002048439191142     
   158.79999999999526        4.3267532326437119E-069  0.80002048439191142     
   158.99999999999525        3.5424459325450191E-069  0.80002048439191142     
   159.19999999999524        2.9003094260906505E-069  0.80002048439191142     
   159.39999999999523        2.3745725205823947E-069  0.80002048439191142     
   159.59999999999522        1.9441355480147276E-069  0.80002048439191142     
   159.79999999999521        1.5917235613117908E-069  0.80002048439191142     
   159.99999999999520        1.3031930300447846E-069  0.80002048439191142     
   160.19999999999519        1.0669642108945557E-069  0.80002048439191142     
   160.39999999999517        8.7355641189296422E-070  0.80002048439191142     
   160.59999999999516        7.1520749896523443E-070  0.80002048439191142     
   160.79999999999515        5.8556237423483296E-070  0.80002048439191142     
   160.99999999999514        4.7941792363142129E-070  0.80002048439191142     
   161.19999999999513        3.9251419765384040E-070  0.80002048439191142     
   161.39999999999512        3.2136344463893222E-070  0.80002048439191142     
   161.59999999999511        2.6311013504097030E-070  0.80002048439191142     
   161.79999999999509        2.1541635900454557E-070  0.80002048439191142     
   161.99999999999508        1.7636799783311050E-070  0.80002048439191142     
   162.19999999999507        1.4439790368476007E-070  0.80002048439191142     
   162.39999999999506        1.1822300442670685E-070  0.80002048439191142     
   162.59999999999505        9.6792809445420386E-071  0.80002048439191142     
   162.79999999999504        7.9247249769783529E-071  0.80002048439191142     
   162.99999999999503        6.4882160483374530E-071  0.80002048439191142     
   163.19999999999501        5.3121020113880308E-071  0.80002048439191142     
   163.39999999999500        4.3491812802108342E-071  0.80002048439191142     
   163.59999999999499        3.5608084648197179E-071  0.80002048439191142     
   163.79999999999498        2.9153433959683332E-071  0.80002048439191142     
   163.99999999999497        2.3868812940621016E-071  0.80002048439191142     
   164.19999999999496        1.9542131193952345E-071  0.80002048439191142     
   164.39999999999495        1.5999743789173506E-071  0.80002048439191142     
   164.59999999999494        1.3099482281564936E-071  0.80002048439191142     
   164.79999999999492        1.0724948993317463E-071  0.80002048439191142     
   164.99999999999491        8.7808455660218504E-072  0.80002048439191142     
   165.19999999999490        7.1891483029306096E-072  0.80002048439191142     
   165.39999999999489        5.8859768040477397E-072  0.80002048439191142     
   165.59999999999488        4.8190302213775937E-072  0.80002048439191142     
   165.79999999999487        3.9454882422540757E-072  0.80002048439191142     
   165.99999999999486        3.2302925598410392E-072  0.80002048439191142     
   166.19999999999484        2.6447398601808858E-072  0.80002048439191142     
   166.39999999999483        2.1653298574212776E-072  0.80002048439191142     
   166.59999999999482        1.7728221448287818E-072  0.80002048439191142     
   166.79999999999481        1.4514640097090081E-072  0.80002048439191142     
   166.99999999999480        1.1883582217346568E-072  0.80002048439191142     
   167.19999999999479        9.7294542180723791E-073  0.80002048439191142     
   167.39999999999478        7.9658033790002365E-073  0.80002048439191142     
   167.59999999999476        6.5218481993600699E-073  0.80002048439191142     
   167.79999999999475        5.3396376877224109E-073  0.80002048439191142     
   167.99999999999474        4.3717255852325933E-073  0.80002048439191142     
   168.19999999999473        3.5792661806478026E-073  0.80002048439191142     
   168.39999999999472        2.9304552955483604E-073  0.80002048439191142     
   168.59999999999471        2.3992538709856963E-073  0.80002048439191142     
   168.79999999999470        1.9643429286174045E-073  0.80002048439191142     
   168.99999999999469        1.6082679652503542E-073  0.80002048439191142     
   169.19999999999467        1.3167384423406311E-073  0.80002048439191142     
   169.39999999999466        1.0780542565042860E-073  0.80002048439191142     
   169.59999999999465        8.8263617328668795E-074  0.80002048439191142     
   169.79999999999464        7.2264137884888637E-074  0.80002048439191142     
   169.99999999999463        5.9164872031026663E-074  0.80002048439191142     
   170.19999999999462        4.8440100233725437E-074  0.80002048439191142     
   170.39999999999461        3.9659399743531404E-074  0.80002048439191142     
   170.59999999999459        3.2470370218642556E-074  0.80002048439191142     
   170.79999999999458        2.6584490661830398E-074  0.80002048439191142     
   170.99999999999457        2.1765540059755226E-074  0.80002048439191142     
   171.19999999999456        1.7820117004272582E-074  0.80002048439191142     
   171.39999999999455        1.4589877814846006E-074  0.80002048439191142     
   171.59999999999454        1.1945181650664746E-074  0.80002048439191142     
   171.79999999999453        9.7798875685021479E-075  0.80002048439191142     
   171.99999999999451        8.0070947139778479E-075  0.80002048439191142     
   172.19999999999450        6.5556546851418861E-075  0.80002048439191142     
   172.39999999999449        5.3673160972854774E-075  0.80002048439191142     
   172.59999999999448        4.3943867503381633E-075  0.80002048439191142     
   172.79999999999447        3.5978195734203108E-075  0.80002048439191142     
   172.99999999999446        2.9456455287851482E-075  0.80002048439191142     
   173.19999999999445        2.4116905820830820E-075  0.80002048439191142     
   173.39999999999444        1.9745252464599807E-075  0.80002048439191142     
   173.59999999999442        1.6166045420056861E-075  0.80002048439191142     
   173.79999999999441        1.3235638541056163E-075  0.80002048439191142     
   173.99999999999440        1.0836424310186997E-075  0.80002048439191142     
   174.19999999999439        8.8721138361520505E-076  0.80002048439191142     
   174.39999999999438        7.2638724424664338E-076  0.80002048439191142     
   174.59999999999437        5.9471557550830102E-076  0.80002048439191142     
   174.79999999999436        4.8691193100312222E-076  0.80002048439191142     
   174.99999999999434        3.9864977195284514E-076  0.80002048439191142     
   175.19999999999433        3.2638682800532233E-076  0.80002048439191142     
   175.39999999999432        2.6722293348753433E-076  0.80002048439191142     
   175.59999999999431        2.1878363357395893E-076  0.80002048439191142     
   175.79999999999430        1.7912488907714668E-076  0.80002048439191142     
   175.99999999999429        1.4665505532914391E-076  0.80002048439191142     
   176.19999999999428        1.2007100389232446E-076  0.80002048439191142     
   176.39999999999426        9.8305823439593217E-077  0.80002048439191142     
   176.59999999999425        8.0486000856650182E-077  0.80002048439191142     
   176.79999999999424        6.5896364093601044E-077  0.80002048439191142     
   176.99999999999423        5.3951379799455482E-077  0.80002048439191142     
   177.19999999999422        4.4171653812804907E-077  0.80002048439191142     
   177.39999999999421        3.6164691390858078E-077  0.80002048439191142     
   177.59999999999420        2.9609145017270379E-077  0.80002048439191142     
   177.79999999999418        2.4241917597985229E-077  0.80002048439191142     
   177.99999999999417        1.9847603451053053E-077  0.80002048439191142     
   178.19999999999416        1.6249843320274003E-077  0.80002048439191142     
   178.39999999999415        1.3304246459007299E-077  0.80002048439191142     
   178.59999999999414        1.0892595722518243E-077  0.80002048439191142     
   178.79999999999413        8.9181030988714658E-078  0.80002048439191142     
   178.99999999999412        7.3015252661662017E-078  0.80002048439191142     
   179.19999999999411        5.9779832797862347E-078  0.80002048439191142     
   179.39999999999409        4.8943587525470234E-078  0.80002048439191142     
   179.59999999999408        4.0071620273066820E-078  0.80002048439191142     
   179.79999999999407        3.2807867843223295E-078  0.80002048439191142     
   179.99999999999406        2.6860810346165416E-078  0.80002048439191142     
   180.19999999999405        2.1991771483001107E-078  0.80002048439191142     
   180.39999999999404        1.8005339627796589E-078  0.80002048439191142     
   180.59999999999403        1.4741525272890898E-078  0.80002048439191142     
   180.79999999999401        1.2069340088192204E-078  0.80002048439191142     
   180.99999999999400        9.8815398995599914E-079  0.80002048439191142     
   181.19999999999399        8.0903206035369693E-079  0.80002048439191142     
   181.39999999999398        6.6237942803762107E-079  0.80002048439191142     
   181.59999999999397        5.4231040794061054E-079  0.80002048439191142     
   181.79999999999396        4.4400620869524868E-079  0.80002048439191142     
   181.99999999999395        3.6352153761636465E-079  0.80002048439191142     
   182.19999999999393        2.9762626225271551E-079  0.80002048439191142     
   182.39999999999392        2.4367577382995347E-079  0.80002048439191142     
   182.59999999999391        1.9950484981466007E-079  0.80002048439191142     
   182.79999999999390        1.6334075593146818E-079  0.80002048439191142     
   182.99999999999389        1.3373210011209929E-079  0.80002048439191142     
   183.19999999999388        1.0949058303548036E-079  0.80002048439191142     
   183.39999999999387        8.9643307503587149E-080  0.80002048439191142     
   183.59999999999386        7.3393732660813846E-080  0.80002048439191142     
   183.79999999999384        6.0089706012592879E-080  0.80002048439191142     
   183.99999999999383        4.9197290255925258E-080  0.80002048439191142     
   184.19999999999382        4.0279334500630200E-080  0.80002048439191142     
   184.39999999999381        3.2977929869181276E-080  0.80002048439191142     
   184.59999999999380        2.7000045356747968E-080  0.80002048439191142     
   184.79999999999379        2.2105767468070183E-080  0.80002048439191142     
   184.99999999999378        1.8098671646500060E-080  0.80002048439191142     
   185.19999999999376        1.4817939066850279E-080  0.80002048439191142     
   185.39999999999375        1.2131902411266114E-080  0.80002048439191142     
   185.59999999999374        9.9327615974446023E-081  0.80002048439191142     
   185.79999999999373        8.1322573828199702E-081  0.80002048439191142     
   185.99999999999372        6.6581292112602480E-081  0.80002048439191142     
   186.19999999999371        5.4512151432256746E-081  0.80002048439191142     
   186.39999999999370        4.4630774794033059E-081  0.80002048439191142     
   186.59999999999368        3.6540587857572911E-081  0.80002048439191142     
   186.79999999999367        2.9916903014543168E-081  0.80002048439191142     
   186.99999999999366        2.4493888534858153E-081  0.80002048439191142     
   187.19999999999365        2.0053899805952791E-081  0.80002048439191142     
   187.39999999999364        1.6418744490278310E-081  0.80002048439191142     
   187.59999999999363        1.3442531041120677E-081  0.80002048439191142     
   187.79999999999362        1.1005813562571004E-081  0.80002048439191142     
   187.99999999999361        9.0107980263197268E-082  0.80002048439191142     
   188.19999999999359        7.3774174539224260E-082  0.80002048439191142     
   188.39999999999358        6.0401185478206245E-082  0.80002048439191142     
   188.59999999999357        4.9452308073375219E-082  0.80002048439191142     
   188.79999999999356        4.0488125430359314E-082  0.80002048439191142     
   188.99999999999355        3.3148873424314251E-082  0.80002048439191142     
   189.19999999999354        2.7140002102375816E-082  0.80002048439191142     
   189.39999999999353        2.2220354359816416E-082  0.80002048439191142     
   189.59999999999351        1.8192487458672317E-082  0.80002048439191142     
   189.79999999999350        1.4894748957400694E-082  0.80002048439191142     
   189.99999999999349        1.2194789030800295E-082  0.80002048439191142     
   190.19999999999348        9.9842488068143510E-083  0.80002048439191142     
   190.39999999999347        8.1744115445211487E-083  0.80002048439191142     
   190.59999999999346        6.6926421198152253E-083  0.80002048439191142     
   190.79999999999345        5.4794719228378024E-083  0.80002048439191142     
   190.99999999999343        4.4862121738547022E-083  0.80002048439191142     
   191.19999999999342        3.6729998715677125E-083  0.80002048439191142     
   191.39999999999341        3.0071979509039982E-083  0.80002048439191142     
   191.59999999999340        2.4620854429982223E-083  0.80002048439191142     
   191.79999999999339        2.0157850688882939E-083  0.80002048439191142     
   191.99999999999338        1.6503852274942829E-083  0.80002048439191142     
   192.19999999999337        1.3512211401751861E-083  0.80002048439191142     
   192.39999999999336        1.1062863016705320E-083  0.80002048439191142     
   192.59999999999334        9.0575061688658043E-084  0.80002048439191142     
   192.79999999999333        7.4156588466440506E-084  0.80002048439191142     
   192.99999999999332        6.0714279520823510E-084  0.80002048439191142     
   193.19999999999331        4.9708647794671488E-084  0.80002048439191142     
   193.39999999999330        4.0697998643420013E-084  0.80002048439191142     
   193.59999999999329        3.3320703078094330E-084  0.80002048439191142     
   193.79999999999328        2.7280684324216312E-084  0.80002048439191142     
   193.99999999999326        2.2335535221248568E-084  0.80002048439191142     
   194.19999999999325        1.8286789572092836E-084  0.80002048439191142     
   194.39999999999324        1.4971956997738323E-084  0.80002048439191142     
   194.59999999999323        1.2258001627809597E-084  0.80002048439191142     
   194.79999999999322        1.0036002903967793E-084  0.80002048439191142     
   194.99999999999321        8.2167842154584572E-085  0.80002048439191142     
   195.19999999999320        6.7273339286016541E-085  0.80002048439191142     
   195.39999999999318        5.5078751735711532E-085  0.80002048439191142     
   195.59999999999317        4.5094667887174814E-085  0.80002048439191142     
   195.79999999999316        3.6920391399068543E-085  0.80002048439191142     
   195.99999999999315        3.0227859854093572E-085  0.80002048439191142     
   196.19999999999314        2.4748478462278007E-085  0.80002048439191142     
   196.39999999999313        2.0262340408955319E-085  0.80002048439191142     
   196.59999999999312        1.6589401222146601E-085  0.80002048439191142     
   196.79999999999310        1.3582252955721034E-085  0.80002048439191142     
   196.99999999999309        1.1120208190933253E-085  0.80002048439191142     
   197.19999999999308        9.1044564265468279E-086  0.80002048439191142     
   197.39999999999307        7.4540984664724410E-086  0.80002048439191142     
   197.59999999999306        6.1028996509724805E-086  0.80002048439191142     
   197.79999999999305        4.9966316272001086E-086  0.80002048439191142     
   197.99999999999304        4.0908959749908533E-086  0.80002048439191142     
   198.19999999999303        3.3493423423679844E-086  0.80002048439191142     
   198.39999999999301        2.7422095782829429E-086  0.80002048439191142     
   198.59999999999300        2.2451313131252743E-086  0.80002048439191142     
   198.79999999999299        1.8381580507540350E-086  0.80002048439191142     
   198.99999999999298        1.5049565251702233E-086  0.80002048439191142     
   199.19999999999297        1.2321541892022537E-086  0.80002048439191142     
   199.39999999999296        1.0088025272337627E-086  0.80002048439191142     
   199.59999999999295        8.2593765282907922E-087  0.80002048439191142     
   199.79999999999293        6.7622055649622047E-087  0.80002048439191142     
   199.99999999999292        5.5364256546696883E-087  0.80002048439191142     
